"","site","clim_dnrg","clim_isot","clim_pcld","clim_pdmt","clim_pdry","clim_prec","clim_psea","clim_pwet","clim_pwmt","clim_pwrm","clim_tavg","clim_tcld","clim_tdry","clim_tmax","clim_tmin","clim_trng","clim_tsea","clim_twet","clim_twrm","soil_awc","soil_bdw","soil_cly","soil_der","soil_des","soil_ece","soil_nto","soil_phc","soil_pto","soil_slt","soil_snd","soil_soc","CV.x","MDFAnnZer","CVAnnZer","MDFMDFWet.x","MDFMDFDry.x","CVMDFWet.x","CVMDFDry.x","HSPeak.x","HSMeanDur.x","MDFAnnHSNum.x","CVAnnHSNum.x","CVAnnHSPeak.x","CVAnnHSMeanDur.x","LSPeak.x","LSMeanDur.x","MDFAnnLSNum.x","CVAnnLSNum.x","CVAnnLSPeak.x","CVAnnLSMeanDur.x","MRateRise.x","MRateFall.x","CVAnnMRateRise.x","CVAnnMRateFall.x","BFI.x","CVAnnBFI.x","PS1YrARI.x","PS2YrARI.x","PS10YrARI.x","C_MDFM.x","M_MDFM.x","C_MinM.x","M_MinM.x","C_MaxM.x","M_MaxM.x","regulation","FDis","FDiv","FRic","FEve","RaoQ","nbsp","simpson","FunRao","redun","richness","exotics","SLA","seed.mass","maximum.height","flowering.duration","wood.density","leaf.area","richness.stand","CV.y","MDFMDFWet.y","MDFMDFDry.y","CVMDFWet.y","CVMDFDry.y","HSPeak.y","HSMeanDur.y","MDFAnnHSNum.y","CVAnnHSNum.y","CVAnnHSPeak.y","CVAnnHSMeanDur.y","LSPeak.y","LSMeanDur.y","MDFAnnLSNum.y","CVAnnLSNum.y","CVAnnLSPeak.y","CVAnnLSMeanDur.y","MRateRise.y","MRateFall.y","CVAnnMRateRise.y","CVAnnMRateFall.y","BFI.y","CVAnnBFI.y","PS1YrARI.y","PS2YrARI.y","PS10YrARI.y","C_MDFM.y","M_MDFM.y","C_MinM.y","M_MinM.y","C_MaxM.y","M_MaxM.y","replicate"
"site",1,0.0666991237004582,0.160785705337099,-0.161341576524754,-0.190269942945218,-0.163412350015321,-0.193645706100565,-0.0535060747550673,-0.181088205957076,-0.178282937001726,-0.234116590832682,0.375592353746229,0.277370766008994,0.297293897621611,0.376763267741982,0.157037942322726,0.0502429642970413,0.0245694503428745,0.26842222526413,0.442988952638898,-0.0103506597798054,0.0901981774614971,0.000340496318650979,0.0207681798838658,0.260604289313387,0.0405973173754754,-0.251862528806472,0.221475277371896,0.0152228309342487,0.0152379108712031,0.203615637761713,-0.211592631830724,0.184659154961481,0.0226210150146272,0.0598397346775013,0.157118804919162,-0.249216538337525,0.24772103872384,0.214643085464646,0.145127643384364,-0.152364276195699,0.21953661727109,-0.273760779581164,0.28142197694031,-0.197471836561588,0.132482516943629,0.137331521110578,0.243108929607912,-0.318188917238351,-0.244127284635478,-0.318464653530706,0.238213248328681,0.13616393776772,-0.149211636758523,-0.088967568386373,-0.369944020328237,0.393621214850748,0.0657950792507537,-0.0342698506442951,-0.0825466153556313,0.183329495866969,-0.0355898715494454,0.117337803881029,-0.153149083872818,0.291744688376375,-0.211481245042928,NA,0.138419525846802,0.287526287710031,-0.185601858897443,0.0400586311067391,0.0884237458600838,-0.167666628482372,0.0745089625614258,0.10679444472609,0.0355244909091707,-0.16825904175172,-0.0453452483864361,-0.0522483658678591,0.213682974132843,0.0914691270002019,-0.270328646449026,0.134866053241221,0.0896990819191836,-0.0269899037898895,NA,NA,NA,NA,NA,NA,NA,NA,NA,NA,NA,NA,NA,NA,NA,NA,NA,NA,NA,NA,NA,NA,NA,NA,NA,NA,NA,NA,NA,NA,NA,NA,0.164658930109433
"clim_dnrg",0.0666991237004582,1,0.570022181364767,-0.909447363128165,-0.943146602587922,-0.911807194680369,-0.88205758117696,0.3896830930152,-0.85904510136338,-0.902220678111509,-0.865314563099017,-0.399716743892452,-0.680371951957226,-0.618865491764124,0.623678367237197,-0.858515723520422,0.996845979349515,0.985584240498014,0.354124666796937,0.00273759389861219,0.741141470575358,0.425708637850206,-0.00938854427073086,-0.154399239651154,-0.230122264051281,0.866313545970179,-0.225771797316411,0.877293777205739,0.333546312358572,-0.514579134396628,0.427489390581879,-0.374163050754361,0.0930652780688829,0.244912348263831,-0.0763498028816776,-0.0887291101356124,0.13708606830418,-0.187322070990541,0.224552968218133,0.193633663193089,0.324862887153382,-0.463729463156097,0.261219856940118,-0.00427500879984417,0.395210160039195,-0.115048088651953,0.0159808125982282,0.0186464049263022,0.464295734348875,0.0552116192969633,0.50678303500674,0.0452194679862955,0.0286265544242056,0.288868711719401,0.227446106979309,0.112430294445929,0.430680845881653,-0.12456930921884,-0.062144278976585,0.00381529655749685,0.586036294737415,-0.204061093262144,0.552144362820893,-0.344608121195961,0.217504977692903,-0.398257017441274,NA,0.0263429544128602,0.163114344476593,-0.40195314664664,0.0582431293392526,0.0560368295652333,-0.645930627623326,-0.352207917656149,-0.202223948332245,-0.442271570354046,-0.644174334489286,0.548022738529282,0.147457887889007,-0.198145132575981,0.0238179911016888,0.0950359300797405,0.447558237112526,-0.543839952932215,-0.643985700734459,NA,NA,NA,NA,NA,NA,NA,NA,NA,NA,NA,NA,NA,NA,NA,NA,NA,NA,NA,NA,NA,NA,NA,NA,NA,NA,NA,NA,NA,NA,NA,NA,0.0125341639941704
"clim_isot",0.160785705337099,0.570022181364767,1,-0.732968498809523,-0.636294361889637,-0.72832269941872,-0.707658400985133,0.177933520479925,-0.696378525364795,-0.639446564898186,-0.656597885705418,0.247086215079241,0.018479199987929,0.0840142848175824,0.705013988229813,-0.207169190684529,0.503302642491003,0.430007166833216,0.735127301881482,0.471441682852777,0.207238174216684,0.583940186254429,0.145345293057325,-0.0668615466678482,-0.207176554447842,0.303294298027231,0.110842798002639,0.519854688017081,0.300750289467415,-0.297570717499979,0.20478071094354,-0.47108406002424,0.25638663001856,0.364830042536393,-0.0951089268675754,0.103679359021306,0.0930547803746519,0.249289047327191,0.347029523991502,0.233107710262593,0.264495968135337,-0.407915698600933,0.180671512800808,0.24180092408605,0.46535803088116,-0.144293775758432,0.241362419976282,-0.204859547327432,0.38261866262645,0.384049632003197,0.103698887906249,0.0525494060814657,0.0215148824820511,0.196852936850912,0.229607012226633,0.0205130525415108,0.429355854471938,-0.231272573117011,-0.102736937453189,0.11090565501127,0.417635013300235,-0.392816893296848,0.390323879315065,-0.45742269349974,0.288033628995956,-0.401888073800734,NA,0.0760514573558007,0.103690862402283,-0.0832971436527579,-0.0433651812534597,0.0577235231414373,-0.235437018710748,-0.132495885644843,-0.0747816036311752,-0.167548284460671,-0.274603059566479,0.238896456273704,0.143832719069542,0.0474813647274281,0.00836458705485376,-0.0695665253438024,0.210164237154888,-0.300489106035024,-0.433071517323822,NA,NA,NA,NA,NA,NA,NA,NA,NA,NA,NA,NA,NA,NA,NA,NA,NA,NA,NA,NA,NA,NA,NA,NA,NA,NA,NA,NA,NA,NA,NA,NA,0.0267673212356692
"clim_pcld",-0.161341576524754,-0.909447363128165,-0.732968498809523,1,0.958424196504751,0.994457642240582,0.988361793629265,-0.225288394909845,0.978017448407803,0.975224071628417,0.963788175389013,0.111437776458476,0.414908714267293,0.339766077979283,-0.77888699732279,0.632974927986188,-0.886146792266038,-0.856767027091161,-0.648981330588665,-0.265849131024521,-0.609952135252823,-0.648405801007621,0.0125181871927209,0.129146686606091,0.266166088635424,-0.7063022843336,0.201296413110335,-0.841725718500925,-0.296092478907507,0.47606528474991,-0.465066673760725,0.575064003533637,-0.237494253205518,-0.296111107898356,0.0579338721555898,0.00937003136279477,-0.0896849117784478,-0.0931088628213839,-0.391644026971103,-0.274331388897245,-0.291799741029628,0.445227841560638,-0.210494768219224,-0.206802434789962,-0.414685605018808,0.102543399932359,-0.230266431014881,0.155430328940392,-0.487519867716628,-0.132799457022311,-0.435059412196048,-0.0993727010311026,-0.0519839056206795,-0.317765829979741,-0.268440477342265,0.0194783749085716,-0.5498826101977,0.15255291024357,0.0450708157294187,-0.0981296217533668,-0.550158382108015,0.377002118251742,-0.466049081897775,0.499516621119019,-0.294024102995496,0.485659502802175,NA,-0.0675035986500143,-0.164891293674282,0.389058756988383,-0.0606221696202264,-0.0768692378358654,0.642937744765723,0.314758017080153,0.168865607619026,0.40599436702304,0.663897108264664,-0.456640798420341,-0.118822180703816,0.1691233659058,0.0302615478838234,-0.0563667616804142,-0.394375141506826,0.521813542667031,0.656646397055154,NA,NA,NA,NA,NA,NA,NA,NA,NA,NA,NA,NA,NA,NA,NA,NA,NA,NA,NA,NA,NA,NA,NA,NA,NA,NA,NA,NA,NA,NA,NA,NA,0.0192694200429372
"clim_pdmt",-0.190269942945218,-0.943146602587922,-0.636294361889637,0.958424196504751,1,0.96506507338501,0.956756186982539,-0.310947572168494,0.935608622020704,0.951486729446795,0.949032927673004,0.202251537784535,0.503678064676569,0.432818857734674,-0.740998785358209,0.708809693597103,-0.930142979998752,-0.913819181309972,-0.520701131402783,-0.193907658489501,-0.686874154402266,-0.573340749071603,0.0351243150988638,0.0132478981232101,0.145986701218034,-0.758091798792935,0.255438478825172,-0.88101599066846,-0.302608559086625,0.564097240434293,-0.476860691536335,0.522212478037044,-0.173955557970953,-0.284565645118973,0.0271082756694545,0.0361632935176502,-0.159929587787572,0.0309014030004185,-0.29280557537343,-0.232782375682269,-0.29725524231028,0.419704158777819,-0.203697713857213,-0.134820434275433,-0.377655536360928,0.105545239476681,-0.151301724558209,0.0658728262986475,-0.462372525397695,-0.118486188597587,-0.465657350767928,-0.105192153233456,-0.0667543549676979,-0.265270396791111,-0.192651111754087,-0.00810153066566464,-0.49580455166975,0.126277806284895,0.0677184824653652,-0.00773810120461074,-0.583805922164638,0.304572866920034,-0.522494142661795,0.442692131034703,-0.293222465246292,0.431863908460128,NA,-0.0835533004092516,-0.184825810299468,0.398327031137149,-0.0790190595486281,-0.0929038144168596,0.630818047849435,0.289828511937004,0.138479851439695,0.389261641706453,0.634626271330649,-0.491216763463612,-0.109901873963428,0.168454318420497,-0.00867534478960369,-0.0553180159841734,-0.425091544982227,0.533333832616096,0.600327121216216,NA,NA,NA,NA,NA,NA,NA,NA,NA,NA,NA,NA,NA,NA,NA,NA,NA,NA,NA,NA,NA,NA,NA,NA,NA,NA,NA,NA,NA,NA,NA,NA,0.0153705717885073
"clim_pdry",-0.163412350015321,-0.911807194680369,-0.72832269941872,0.994457642240582,0.96506507338501,1,0.977941268744854,-0.246972341309995,0.969918532730204,0.965355922828595,0.955765754885621,0.142358555798117,0.438830558197911,0.36605661159039,-0.753372951089243,0.651045029664816,-0.888818562966389,-0.85863064886091,-0.621246081276958,-0.231892384729031,-0.593788658181047,-0.608577448794219,0.0103628035934382,0.126361680331369,0.275619766113912,-0.707867706420695,0.194317543140226,-0.832703964866297,-0.325373079287478,0.455056955347231,-0.465297937854711,0.529503821069922,-0.21267292776724,-0.28917933004139,0.0168186325147991,0.0182114941152092,-0.111069797732983,-0.0599209589672083,-0.353747691408029,-0.251257503597169,-0.317049331669707,0.469582465031044,-0.229819686894242,-0.194446391817604,-0.425458129283271,0.0939339657372221,-0.19357761176033,0.142322900629505,-0.501422325014102,-0.145809198889803,-0.435697491402926,-0.0795266578210836,-0.0239696910604694,-0.312637798850954,-0.24962914895474,-0.0208683357749367,-0.527692875075554,0.159311410334177,0.0649181292153556,-0.0822399947637003,-0.572172730969807,0.326410835421897,-0.499889353892935,0.449276244491468,-0.265425490711822,0.438328147385663,NA,-0.0677938734798733,-0.150851519912254,0.377796212520959,-0.084284647732744,-0.0738976904743421,0.620285921750175,0.301269943547634,0.15820645796227,0.391699905464944,0.637745885940241,-0.454547795893536,-0.112403347155425,0.168966184846325,0.0415778532858482,-0.0567940257000186,-0.397193901827348,0.517049190312575,0.626351117514225,NA,NA,NA,NA,NA,NA,NA,NA,NA,NA,NA,NA,NA,NA,NA,NA,NA,NA,NA,NA,NA,NA,NA,NA,NA,NA,NA,NA,NA,NA,NA,NA,0.0249084068332365
"clim_prec",-0.193645706100565,-0.88205758117696,-0.707658400985133,0.988361793629265,0.956756186982539,0.977941268744854,1,-0.127279080705519,0.993376571019478,0.98654659835599,0.988802614975677,0.0403800907123135,0.351058930885092,0.27500026120345,-0.815461754972053,0.579474931423474,-0.859773468610363,-0.832334848800716,-0.687677396773119,-0.33667019111932,-0.612807304105039,-0.701405701454908,0.0589340669812581,0.0522323818783064,0.196963519298104,-0.666425129132514,0.271449527256935,-0.829121531943238,-0.228736137420164,0.518018094086661,-0.514369774541423,0.640955352856267,-0.254053727073391,-0.30039725232315,0.0481338239464559,0.0264879410203203,-0.11134245130153,-0.147744130840048,-0.409396207394036,-0.275623874868496,-0.280310661805272,0.414805746869033,-0.205183363263736,-0.232936916940718,-0.396758449636369,0.126844508257688,-0.274521792822774,0.158150146319936,-0.486333023903636,-0.131871897025989,-0.423249028949432,-0.112557176341814,-0.0836168390585623,-0.308808291086242,-0.272037155767886,0.0773047137567047,-0.570514448572398,0.116196177199826,0.0272599341663059,-0.107279621699676,-0.51539630316258,0.432824098595667,-0.418601407554609,0.543049428747405,-0.343069128349219,0.508228457674052,NA,-0.12042648726927,-0.223495047442371,0.384780346324555,-0.0882422484734036,-0.129858727795742,0.657369862758095,0.303382288463346,0.136276521189267,0.41533431316931,0.673675893593077,-0.437232371618253,-0.08847705267684,0.175190649679042,0.0538157080753767,-0.0701258010641516,-0.388244278434095,0.49182198920349,0.638191026905906,NA,NA,NA,NA,NA,NA,NA,NA,NA,NA,NA,NA,NA,NA,NA,NA,NA,NA,NA,NA,NA,NA,NA,NA,NA,NA,NA,NA,NA,NA,NA,NA,0.0156722167753743
"clim_psea",-0.0535060747550673,0.3896830930152,0.177933520479925,-0.225288394909845,-0.310947572168494,-0.246972341309995,-0.127279080705519,1,-0.0410148711704557,-0.0842308389310018,-0.0375662214020598,-0.407957825398922,-0.465554353366127,-0.44689781469356,0.0444873128465804,-0.453457994974111,0.391508977377821,0.405521247542639,-0.169249401636484,-0.274800013758147,0.265324414997853,-0.11992226584608,0.221764046395074,-0.142988245838979,-0.056409541728495,0.451003697275925,0.263090543731205,0.324916026401391,0.489038423581367,-0.123627041053949,-0.241642385635562,0.157211425992108,-0.0735491948676685,-0.00695640556871985,-0.162762795689893,0.230103248622958,0.140018114908759,-0.463893897679722,-0.213824602031146,-0.0062686762565947,0.107283042110435,-0.112920577702362,-0.00259350440438855,-0.114814588629803,0.0226421403533588,0.0283816484457256,-0.21322868806301,-0.00928531367958864,-0.0389916780900331,0.0414513191298036,0.155276977139852,-0.0178487984482166,-0.0770188398044396,0.0611966350488113,-0.107669920880818,0.306821428112909,-0.0977588842385791,-0.408783633069514,-0.303927950539422,-0.28407715101255,0.413357884513135,0.319129377033899,0.495777055424265,0.12910444923628,-0.0932502413671399,0.0342165167806788,NA,-0.23349695282588,-0.138531264843633,-0.13727268207589,-0.406720343672804,-0.22122980901055,-0.0131736694217785,-0.111460485918855,-0.182780400225527,-0.0322689909793344,-0.0315313190052758,0.288084189416472,0.178489909947416,0.0318767324970435,0.255614916699755,-0.110307635422802,0.1053866072564,-0.222917390319186,-0.118434658354226,NA,NA,NA,NA,NA,NA,NA,NA,NA,NA,NA,NA,NA,NA,NA,NA,NA,NA,NA,NA,NA,NA,NA,NA,NA,NA,NA,NA,NA,NA,NA,NA,-0.0117903767629895
"clim_pwet",-0.181088205957076,-0.85904510136338,-0.696378525364795,0.978017448407803,0.935608622020704,0.969918532730204,0.993376571019478,-0.0410148711704557,1,0.987566996740208,0.992265707903349,0.0347303367303884,0.336906568260777,0.264270582263503,-0.794394528697576,0.563526205722243,-0.836762417152844,-0.807095251389739,-0.691971161970237,-0.331211291493061,-0.589557564405118,-0.70021933397397,0.0744599626107458,0.0529841209607829,0.213024103981764,-0.638905733662448,0.28523791977382,-0.796283275444885,-0.215875955027872,0.497570354367604,-0.528097337131284,0.633540219956864,-0.238893169801135,-0.28332628225808,-0.00488155702093354,0.0727872426416759,-0.102875358889099,-0.160310244137954,-0.409212433226764,-0.260527541964477,-0.294072000753062,0.432849947434671,-0.23940459242788,-0.231632791557321,-0.417366069386185,0.129440699400114,-0.256557204930664,0.134023686161467,-0.488741517811927,-0.117189987718021,-0.412630637732446,-0.0949952671612603,-0.0780568338255443,-0.33456544325403,-0.292405515196922,0.0717383945138275,-0.56971253832483,0.0666506438631591,-0.0160502139183795,-0.150168548298731,-0.499900076610937,0.438233583755517,-0.397907662732066,0.518404582367874,-0.334219165999722,0.492407799125141,NA,-0.138250686223929,-0.225701553463737,0.379318043161946,-0.139049339842176,-0.14840924521567,0.66575519183343,0.301687232233639,0.125126919817259,0.422432005942672,0.67941821300586,-0.41435881733486,-0.0818194752250446,0.183378058142259,0.0898658989876555,-0.0966305131426249,-0.369660605445605,0.472127053004664,0.640723172285709,NA,NA,NA,NA,NA,NA,NA,NA,NA,NA,NA,NA,NA,NA,NA,NA,NA,NA,NA,NA,NA,NA,NA,NA,NA,NA,NA,NA,NA,NA,NA,NA,0.017150326536948
"clim_pwmt",-0.178282937001726,-0.902220678111509,-0.639446564898186,0.975224071628417,0.951486729446795,0.965355922828595,0.98654659835599,-0.0842308389310018,0.987566996740208,1,0.989567065256739,0.0962728439662816,0.404940830859896,0.333122106201891,-0.789443188549164,0.628368526204233,-0.887385811343887,-0.864927499981966,-0.63338723433987,-0.289285138846505,-0.651704749240099,-0.663675360402714,0.0633908964562359,0.0855386948406741,0.225557974810655,-0.697752454650833,0.340808410121451,-0.839519652350775,-0.203236142360991,0.515103266111734,-0.542549820374027,0.609378154072423,-0.208216055852784,-0.301012187707924,0.0425861700456178,0.0803926897696992,-0.0944818441519822,-0.0932942897370603,-0.398350630397583,-0.249581952645787,-0.315812134261299,0.453507447670263,-0.247629101545789,-0.165186024748173,-0.43121111454009,0.157491295954376,-0.229731078175828,0.109828259721514,-0.48685566775307,-0.0908798573286028,-0.428248736351117,-0.0932838772762327,-0.0818833178113734,-0.330927772504451,-0.289162890024368,0.0574738956278847,-0.581267129769243,0.0678888781687144,-0.01163264783874,-0.125871418873706,-0.532157896876474,0.387565429379684,-0.431722076816407,0.484195828723877,-0.347634715807882,0.479704559863007,NA,-0.134802443212789,-0.239208934092836,0.395758695379364,-0.121187210487997,-0.144575400693849,0.697485803730148,0.313366187926854,0.130018391092888,0.438742146576822,0.705283258848858,-0.46743221511332,-0.0977567719089059,0.19315503170452,0.0518936717709012,-0.0942770927705275,-0.412121520418146,0.520452456766348,0.659380387639949,NA,NA,NA,NA,NA,NA,NA,NA,NA,NA,NA,NA,NA,NA,NA,NA,NA,NA,NA,NA,NA,NA,NA,NA,NA,NA,NA,NA,NA,NA,NA,NA,0.0130884034567679
"clim_pwrm",-0.234116590832682,-0.865314563099017,-0.656597885705418,0.963788175389013,0.949032927673004,0.955765754885621,0.988802614975677,-0.0375662214020598,0.992265707903349,0.989567065256739,1,0.0283567489720354,0.33655437420001,0.264573821806453,-0.807923814072649,0.567850187409638,-0.846705435967923,-0.821159943780579,-0.667585180628234,-0.346949918249728,-0.618334924402148,-0.691292354977428,0.0816630412183237,0.0085817184923206,0.158666561791695,-0.650134269995147,0.340740339877717,-0.818879758480982,-0.190266546035964,0.535822823510327,-0.544659159041089,0.646770488136777,-0.238101181769844,-0.292019837902916,0.0120336729189444,0.0765285335003273,-0.102693272138848,-0.142602187916658,-0.405226463355043,-0.267420847010533,-0.279836869709325,0.406901654353222,-0.215663883581682,-0.228487904073399,-0.392536028177701,0.140489525207219,-0.255133838339384,0.0975060536517217,-0.451856199088753,-0.0905442756803126,-0.401592750340685,-0.122108512877805,-0.108096569085087,-0.312723385753195,-0.274035727089951,0.104669723397979,-0.585754917860697,0.0395377728321401,-0.0312407113607321,-0.137157074547031,-0.513122356792544,0.431079104552054,-0.405253806005809,0.51289367306009,-0.373897272501335,0.495153704431356,NA,-0.167616766613856,-0.261139072560171,0.387252377308311,-0.146265804179651,-0.175627288381949,0.68080871755947,0.291067648735666,0.10213947992732,0.424409928129195,0.686396688684652,-0.430077803078956,-0.0686604069725132,0.184085732898494,0.0839277007551958,-0.0880877374517246,-0.391939384226409,0.47539238120455,0.625403305687621,NA,NA,NA,NA,NA,NA,NA,NA,NA,NA,NA,NA,NA,NA,NA,NA,NA,NA,NA,NA,NA,NA,NA,NA,NA,NA,NA,NA,NA,NA,NA,NA,0.0135838653479824
"clim_tavg",0.375592353746229,-0.399716743892452,0.247086215079241,0.111437776458476,0.202251537784535,0.142358555798117,0.0403800907123135,-0.407957825398922,0.0347303367303884,0.0962728439662816,0.0283567489720354,1,0.942241864231629,0.9658638450874,0.459707406163809,0.810836281760435,-0.444541101735904,-0.480703595971468,0.655103182648286,0.912491535503015,-0.395766125739774,0.443267625222718,-0.0445196690801947,0.185288046566074,0.156446308461323,-0.614473915802089,-0.247111719115396,-0.289136797874429,-0.411311202860452,0.0923851334978021,0.146176420200335,-0.356339125165976,0.33898320321962,0.146440763884107,-0.0928134119122884,0.354185843349337,-0.0700432273120453,0.630158667427191,0.320992296764302,0.154413743364294,-0.104957884286424,0.169646555088397,-0.197228882318683,0.41869570339383,-0.0566352209099552,-0.153440877796292,0.553809450858652,-0.373059378350247,-0.105302520623878,0.143799805052749,-0.373634002848284,0.171253924243936,0.174051814098138,-0.0439474419348226,0.0516032309342285,-0.444511469366727,0.302741895715936,-0.0234849970671036,0.0386497975129973,0.19107903305063,-0.0793870869875041,-0.177522773492963,-0.249534477350643,-0.152928315243517,0.401646245390143,-0.0540599556039858,NA,0.221369748519766,0.223407476658537,0.254997944207437,-0.0930970121989218,0.142005953301517,0.258899449430766,0.243956098963293,0.22492853112844,0.229403261315312,0.226690272686839,-0.148185192183664,-0.138497581580382,0.118623673618351,-0.0714017834660482,-0.203474317110818,-0.0581615531155363,0.136457164207959,0.22635848950508,NA,NA,NA,NA,NA,NA,NA,NA,NA,NA,NA,NA,NA,NA,NA,NA,NA,NA,NA,NA,NA,NA,NA,NA,NA,NA,NA,NA,NA,NA,NA,NA,0.0140220776734272
"clim_tcld",0.277370766008994,-0.680371951957226,0.018479199987929,0.414908714267293,0.503678064676569,0.438830558197911,0.351058930885092,-0.465554353366127,0.336906568260777,0.404940830859896,0.33655437420001,0.942241864231629,1,0.996224356967445,0.136366234116969,0.957679999891224,-0.717710661833983,-0.746455911779157,0.397553985778879,0.7233432628486,-0.596578691387276,0.193612662517519,-0.0175759596453385,0.198402587452986,0.201189985870229,-0.804873788819147,-0.0911620648796378,-0.54917209903292,-0.426964607674549,0.271008348541061,-0.0517491142627925,-0.143992200755123,0.233424513130414,0.0336742816176456,-0.0413314375796834,0.305588377343111,-0.106411790319589,0.571569070925718,0.17348269148361,0.0498551895092236,-0.192407210032982,0.290498794848729,-0.2404619304597,0.335391427300788,-0.170284059756573,-0.0801510103192116,0.424140331904059,-0.294037221807994,-0.251456355116542,0.109011582481805,-0.495790772505625,0.11196095636275,0.121437640291275,-0.138458263538029,-0.0354402168483601,-0.381719408563637,0.0835528812456814,0.0229095858373845,0.0507682694946942,0.154714478356404,-0.272735192400899,-0.0725060463919842,-0.389229102707789,0.00464242070039213,0.236699264446239,0.0980583366043407,NA,0.169787314125993,0.114880470961878,0.35772030994102,-0.09331670261543,0.0955924451241033,0.44850825501615,0.323548753572454,0.254298680296922,0.344152877395419,0.42149443315636,-0.32412032159119,-0.158431183184769,0.177330193511823,-0.068479941965374,-0.196173011086374,-0.216007441059246,0.313580181483905,0.41379891026883,NA,NA,NA,NA,NA,NA,NA,NA,NA,NA,NA,NA,NA,NA,NA,NA,NA,NA,NA,NA,NA,NA,NA,NA,NA,NA,NA,NA,NA,NA,NA,NA,0.00857210724662147
"clim_tdry",0.297293897621611,-0.618865491764124,0.0840142848175824,0.339766077979283,0.432818857734674,0.36605661159039,0.27500026120345,-0.44689781469356,0.264270582263503,0.333122106201891,0.264573821806453,0.9658638450874,0.996224356967445,1,0.216931366961269,0.93288221713535,-0.659278112305006,-0.690476877572057,0.469574124298611,0.775780775037018,-0.555233502304518,0.26059458584824,-0.0193408235774298,0.194779931435058,0.186486140830546,-0.767617374404595,-0.113425732890116,-0.487963771616439,-0.422960585746436,0.230960229912128,-0.00953945434956235,-0.200547515073846,0.268030887055293,0.0661806887955726,-0.0591012051811254,0.328141748847136,-0.0990514720161906,0.60029122118698,0.217036112066804,0.0811017599195346,-0.177888451661211,0.265392536830928,-0.23827539322731,0.363042685570663,-0.144228299159928,-0.0921358016868265,0.46840536699151,-0.328751201719449,-0.209857371260471,0.129947929787461,-0.465324750547052,0.130122836873929,0.13326412824259,-0.12113573916672,-0.0161897513922067,-0.400489109016559,0.136152430259741,0.00128354210669188,0.0400202359312856,0.159960937220224,-0.233356214222103,-0.108684524842406,-0.362025130982594,-0.0480563580236215,0.273043455159366,0.0549448132907944,NA,0.17555348295405,0.133150284786623,0.336694925039938,-0.100444309325866,0.099441860011698,0.411755132094984,0.307246035044363,0.244825425666764,0.323783699569054,0.38137760454781,-0.288706647365507,-0.152950188696911,0.168745053896079,-0.0628643676591834,-0.206457484975036,-0.180582666153086,0.271278021471995,0.372347715649843,NA,NA,NA,NA,NA,NA,NA,NA,NA,NA,NA,NA,NA,NA,NA,NA,NA,NA,NA,NA,NA,NA,NA,NA,NA,NA,NA,NA,NA,NA,NA,NA,0.00911849456322701
"clim_tmax",0.376763267741982,0.623678367237197,0.705013988229813,-0.77888699732279,-0.740998785358209,-0.753372951089243,-0.815461754972053,0.0444873128465804,-0.794394528697576,-0.789443188549164,-0.807923814072649,0.459707406163809,0.136366234116969,0.216931366961269,1,-0.139698496651369,0.587963233137465,0.555125158400143,0.893413942104233,0.780000181835618,0.399010002454747,0.797000207874073,-0.0753484183262636,0.0133144778320198,-0.0898229244781864,0.315827964435336,-0.471805200433366,0.598372601159732,-0.0545638000581416,-0.436882363289237,0.557977390731627,-0.657609891502705,0.368885308383468,0.3438142579605,-0.146645852450236,0.241171375206131,0.0857827622330855,0.347185381650383,0.477498845367118,0.30496888348624,0.212918774868855,-0.275444559794338,0.0633557126490141,0.335762266288746,0.294657481155773,-0.233862147610922,0.506569992195376,-0.331377012646127,0.372174879441309,0.154802387296146,0.210571162988709,0.193786582084883,0.171285005815525,0.231201584052647,0.2356599053526,-0.279855774696965,0.666246740615445,-0.144327013686842,-0.0439446557863561,0.136336102532737,0.491501046466165,-0.322769663754985,0.306302447006695,-0.4572945983125,0.539324123627613,-0.414185518376658,NA,0.191214307660004,0.349642367318646,-0.204599438969944,-0.0330239209534541,0.151173788392103,-0.419939223362522,-0.138146425581497,-0.0179119033269285,-0.229144877311277,-0.445750666147929,0.414697860719949,0.0174093238021444,-0.109340304438421,-0.021129698861781,-0.0861143023498127,0.391067609018286,-0.420468940869488,-0.432322779767333,NA,NA,NA,NA,NA,NA,NA,NA,NA,NA,NA,NA,NA,NA,NA,NA,NA,NA,NA,NA,NA,NA,NA,NA,NA,NA,NA,NA,NA,NA,NA,NA,0.0188139389688207
"clim_tmin",0.157037942322726,-0.858515723520422,-0.207169190684529,0.632974927986188,0.708809693597103,0.651045029664816,0.579474931423474,-0.453457994974111,0.563526205722243,0.628368526204233,0.567850187409638,0.810836281760435,0.957679999891224,0.93288221713535,-0.139698496651369,1,-0.883093351643081,-0.896464178527792,0.147751585399255,0.504898410755718,-0.698556176003798,-0.0188470199195505,-0.0115390721610453,0.198931123844353,0.22132546975752,-0.895589446004732,0.0294537897892312,-0.719595986127433,-0.42320270858242,0.375423285272735,-0.203794087945556,0.0449542022835122,0.124211185932297,-0.0721274471771598,0.00148196726936085,0.26718396993233,-0.116592717184561,0.47059576854951,0.02838966920374,-0.0446521606172521,-0.263167756524502,0.389048910546745,-0.279151943087779,0.229073955301978,-0.282647245273001,-0.00416729986089349,0.300048581736861,-0.236917958811698,-0.339960115893689,0.063262064055611,-0.521890788717789,0.0611595756003389,0.0653935623649022,-0.215756602706475,-0.129854612116507,-0.304648431514233,-0.115858206160961,0.0492227644221798,0.0418512938363382,0.0864557843428681,-0.417137345975329,0.0315515213777763,-0.483958351481934,0.126688038597018,0.0682759056306195,0.225317463051134,NA,0.0881160408993574,0.00737614351381241,0.388919850204141,-0.0994384566924879,0.0242340069502361,0.560286180436887,0.358460014665812,0.242787575468914,0.416600754579805,0.538747913470817,-0.436943084076128,-0.163185746714299,0.199146325971604,-0.0412358179017257,-0.182309765150197,-0.323595030720936,0.422476043823604,0.529584320463147,NA,NA,NA,NA,NA,NA,NA,NA,NA,NA,NA,NA,NA,NA,NA,NA,NA,NA,NA,NA,NA,NA,NA,NA,NA,NA,NA,NA,NA,NA,NA,NA,-0.00143516254073204
"clim_trng",0.0502429642970413,0.996845979349515,0.503302642491003,-0.886146792266038,-0.930142979998752,-0.888818562966389,-0.859773468610363,0.391508977377821,-0.836762417152844,-0.887385811343887,-0.846705435967923,-0.444541101735904,-0.717710661833983,-0.659278112305006,0.587963233137465,-0.883093351643081,1,0.995362480873991,0.302640678724116,-0.0428522965345333,0.759717590795846,0.393049668047706,-0.0262771009046849,-0.156197435970254,-0.223362399062706,0.881258409399347,-0.247622707084598,0.871371713527145,0.3198587852212,-0.513696505823684,0.430873113591358,-0.348327331285526,0.0733261801331852,0.221834980845608,-0.0706977507314479,-0.103984514774189,0.135891947629146,-0.219917106318683,0.203068429362688,0.18098391842698,0.315871423749357,-0.448330973209183,0.258059364349894,-0.0280311514664183,0.370515583792115,-0.107409763669598,-0.0050740579806446,0.0365169166389839,0.454065558835883,0.0216734649670228,0.52610944766277,0.0418634559032032,0.0277424629875095,0.285804581283353,0.217743972163171,0.116258773897236,0.410341241201002,-0.108598385039583,-0.0550111140635477,-0.00602351747022694,0.573653395259273,-0.178716785274837,0.540484130564099,-0.320177418551425,0.199780872205427,-0.380320643803337,NA,0.0186238147711356,0.159650220897098,-0.414656100824559,0.0655829414857771,0.051835965306949,-0.656682332325908,-0.358285180331353,-0.206820221574387,-0.448899268083742,-0.651318352398421,0.553440003482606,0.141555336864671,-0.21449249098857,0.0236732100388746,0.108123767314986,0.44964914132498,-0.544356498502814,-0.637469874174614,NA,NA,NA,NA,NA,NA,NA,NA,NA,NA,NA,NA,NA,NA,NA,NA,NA,NA,NA,NA,NA,NA,NA,NA,NA,NA,NA,NA,NA,NA,NA,NA,0.0100872609577955
"clim_tsea",0.0245694503428745,0.985584240498014,0.430007166833216,-0.856767027091161,-0.913819181309972,-0.85863064886091,-0.832334848800716,0.405521247542639,-0.807095251389739,-0.864927499981966,-0.821159943780579,-0.480703595971468,-0.746455911779157,-0.690476877572057,0.555125158400143,-0.896464178527792,0.995362480873991,1,0.253075073621527,-0.0805340629858783,0.777705173209497,0.369920827968013,-0.0486715964825617,-0.143616914783565,-0.207006564427728,0.885073203570189,-0.269903556585067,0.857338452282637,0.29675758833592,-0.532170718814336,0.430400123370168,-0.323870234042651,0.0498197059595924,0.195184052501005,-0.0675051107619025,-0.100572177647825,0.1471819842502,-0.257227755107678,0.169692198819387,0.164666239255781,0.301479485269591,-0.423922063432078,0.24353972267527,-0.0572973993551547,0.330743682628681,-0.100589279851848,-0.0208026347049574,0.0380487370514656,0.443904209565097,-0.00884553496276801,0.552100740230682,0.0405793716722234,0.0252569738231904,0.277027311444605,0.189820969804805,0.121737839708775,0.378121425451598,-0.0992094657872162,-0.0554149719984126,-0.0298310209847193,0.561187091858366,-0.148162245184866,0.528113033109894,-0.300630923389762,0.178051660275854,-0.351663812501734,NA,-0.00153860078099478,0.152722386132503,-0.432715032637263,0.0606307405770911,0.0345351524042448,-0.662447101227366,-0.362841825916239,-0.217225062703092,-0.44755973127004,-0.653426266487773,0.557663981105509,0.138114937388996,-0.23103852574979,0.0364631592685539,0.114139258131091,0.449627603440291,-0.545161414379333,-0.631737930723371,NA,NA,NA,NA,NA,NA,NA,NA,NA,NA,NA,NA,NA,NA,NA,NA,NA,NA,NA,NA,NA,NA,NA,NA,NA,NA,NA,NA,NA,NA,NA,NA,0.0066205650853253
"clim_twet",0.26842222526413,0.354124666796937,0.735127301881482,-0.648981330588665,-0.520701131402783,-0.621246081276958,-0.687677396773119,-0.169249401636484,-0.691971161970237,-0.63338723433987,-0.667585180628234,0.655103182648286,0.397553985778879,0.469574124298611,0.893413942104233,0.147751585399255,0.302640678724116,0.253075073621527,1,0.856138505120153,0.127182573406744,0.832679183079704,-0.0515092865847168,0.0128879328853861,-0.136409647144577,0.0261154505907005,-0.301919399014018,0.347228378868806,-0.0899837801405747,-0.250880643844292,0.448614455717872,-0.654249411425653,0.403600810426771,0.292816709843795,-0.0656493012872638,0.24024417930214,0.0488446792264129,0.555156432344837,0.511665671627441,0.281237376555494,0.171839388508718,-0.246512803079353,0.0676160280613379,0.460511828140267,0.301812195792688,-0.196065603939626,0.592941563461098,-0.475201652592679,0.348196929961098,0.228835335256846,0.0898781655489163,0.131058551346094,0.108396380199992,0.254261133997304,0.266771952605378,-0.289672619371943,0.583137756926482,-0.154937006061201,-0.0172940681511712,0.23524516008601,0.311540912260639,-0.411855058939921,0.119784330394746,-0.46964177927576,0.446850292424232,-0.360863363247212,NA,0.199667123614675,0.267453920890576,-0.0533427814292918,-0.0130223750950213,0.149014564701039,-0.244521396901444,-0.054099779040539,0.0290032632996027,-0.12239063261518,-0.287597938643528,0.198039587185127,-0.0369002907642261,-0.0720970732777847,-0.11498087596035,-0.074512284685779,0.229683382703816,-0.288131088025479,-0.318400630620416,NA,NA,NA,NA,NA,NA,NA,NA,NA,NA,NA,NA,NA,NA,NA,NA,NA,NA,NA,NA,NA,NA,NA,NA,NA,NA,NA,NA,NA,NA,NA,NA,-0.000606980759568409
"clim_twrm",0.442988952638898,0.00273759389861219,0.471441682852777,-0.265849131024521,-0.193907658489501,-0.231892384729031,-0.33667019111932,-0.274800013758147,-0.331211291493061,-0.289285138846505,-0.346949918249728,0.912491535503015,0.7233432628486,0.775780775037018,0.780000181835618,0.504898410755718,-0.0428522965345333,-0.0805340629858783,0.856138505120153,1,-0.0849494955043644,0.673943499988773,-0.0782126214291264,0.154395574789013,0.0912419673756859,-0.288147543166484,-0.41722178244035,0.0665856768642244,-0.332009132914109,-0.151602774083684,0.368554307448214,-0.550246030762842,0.39973235225187,0.249306773267079,-0.128697759437542,0.354574218153653,-0.00575103509744812,0.58812485723336,0.433027024468743,0.244344492031466,0.0205285107614181,0.000745438510136249,-0.11134030831678,0.441610335111734,0.0824822550290202,-0.220551758572144,0.612711261883232,-0.398953683167504,0.0818598283031625,0.151185177975695,-0.168349781921958,0.210675621451259,0.207980499537049,0.0772627036621761,0.139138602486321,-0.446331699682966,0.514391990558682,-0.0668723844345775,0.0174193856399168,0.195879119060745,0.171544836939261,-0.262830761331078,-0.0366645916371326,-0.307358569484944,0.536168152862534,-0.2178726374976,NA,0.249426410601303,0.330479606767743,0.0835470144710347,-0.0768769702478782,0.175745358633468,-0.0160891861425392,0.107587179798457,0.15347111727074,0.0519616434029691,-0.0468558027511884,0.0918036606040608,-0.0944214517631215,0.0269956027376664,-0.0618438039860503,-0.176499477754224,0.14283725841186,-0.0942254514564971,-0.0354475137319854,NA,NA,NA,NA,NA,NA,NA,NA,NA,NA,NA,NA,NA,NA,NA,NA,NA,NA,NA,NA,NA,NA,NA,NA,NA,NA,NA,NA,NA,NA,NA,NA,0.0196748086493209
"soil_awc",-0.0103506597798054,0.741141470575358,0.207238174216684,-0.609952135252823,-0.686874154402266,-0.593788658181047,-0.612807304105039,0.265324414997853,-0.589557564405118,-0.651704749240099,-0.618334924402148,-0.395766125739774,-0.596578691387276,-0.555233502304518,0.399010002454747,-0.698556176003798,0.759717590795846,0.777705173209497,0.127182573406744,-0.0849494955043644,1,0.349513083726428,-0.14128136503166,0.173236827601622,0.121073395557756,0.715025666415561,-0.248320307202504,0.664834939351207,0.254963836736122,-0.454523169665966,0.37668622213088,-0.355107307247959,-0.0113246431122264,0.0487766837675144,0.0372324325207817,-0.247859447253931,-0.0032698581973542,-0.192438442899417,0.157642920147952,0.0628242385194691,0.131993090013211,-0.185277721700399,0.185785971234414,-0.125064794474834,0.228471369212925,-0.0376066086215975,-0.0455096501812073,0.15311248375208,0.274882101693263,-0.0626909847555986,0.416980495662537,-0.0206417118341979,0.0527218723603583,0.191992043791433,0.132929325132667,0.0143903187061435,0.207304231369984,0.0391314435519598,0.0133848768320906,-0.0842622542593361,0.200229702134091,-0.268000943020293,0.219591366931663,-0.321990818664701,0.0819959483315814,-0.38033495261128,NA,-0.0906835793340953,0.126135616889138,-0.353687420675565,0.0975902916109239,-0.01925000355326,-0.545255109745258,-0.454434280079216,-0.326459153833529,-0.511217134993787,-0.539014674568969,0.436841479256809,0.144164488485573,-0.150280732264543,0.064888667341299,0.205993032319455,0.340463907542932,-0.332236384412847,-0.50753364634886,NA,NA,NA,NA,NA,NA,NA,NA,NA,NA,NA,NA,NA,NA,NA,NA,NA,NA,NA,NA,NA,NA,NA,NA,NA,NA,NA,NA,NA,NA,NA,NA,0.177627728726852
"soil_bdw",0.0901981774614971,0.425708637850206,0.583940186254429,-0.648405801007621,-0.573340749071603,-0.608577448794219,-0.701405701454908,-0.11992226584608,-0.70021933397397,-0.663675360402714,-0.691292354977428,0.443267625222718,0.193612662517519,0.26059458584824,0.797000207874073,-0.0188470199195505,0.393049668047706,0.369920827968013,0.832679183079704,0.673943499988773,0.349513083726428,1,-0.230240884289811,0.216754762366687,0.110866302025628,0.140539078748345,-0.376689446575221,0.434235889717297,-0.0475041368154947,-0.433198664154945,0.487426745232608,-0.75950997788727,0.229415054274227,0.142899296488163,-0.0240560011890336,0.162573564350029,0.164396969858273,0.320649078339716,0.335492721028031,0.166162157158835,0.222840130237807,-0.278692324982235,0.129693696035531,0.30239913273306,0.312808113862228,-0.185816517360258,0.391703390172583,-0.327587955320792,0.304408671971688,0.128529507955897,0.107963210444466,-0.0169960440986189,0.0193224498537509,0.301176673188038,0.184740859836709,-0.140947286299141,0.402589486631684,-0.134593831389059,-0.0387818124629973,0.117292464513126,0.317724627198259,-0.415526044504428,0.171104965098349,-0.495616625551823,0.319780611579576,-0.315725951406957,NA,0.173322809715696,0.239133735671202,-0.170488088045841,-0.0213000410160314,0.156102152383044,-0.400278859621753,-0.174410107689686,-0.0517883432932644,-0.262845320984356,-0.419980726997228,0.173830157081737,-0.0171051719541206,-0.154560413555814,-0.119929444429275,0.0659024804699955,0.139238442176571,-0.258099689841083,-0.43645735654167,NA,NA,NA,NA,NA,NA,NA,NA,NA,NA,NA,NA,NA,NA,NA,NA,NA,NA,NA,NA,NA,NA,NA,NA,NA,NA,NA,NA,NA,NA,NA,NA,-0.139371277180135
